# mhalo_obs[Msun]   sigma_raw  sigma_fit  alphaE/alphaM  vir_temp[K]  cgm_temp[K]
1.000000000e+09 3.122888480e-02 1.598427514e-02 1.000000000e+02 3.333564871e+04 1.936206064e+06
1.000000000e+09 3.016088815e-02 1.817547510e-02 3.593813664e+01 3.333564871e+04 1.936206064e+06
1.000000000e+09 2.692745326e-02 1.530557570e-02 1.291549665e+01 3.333564864e+04 2.724222503e+06
1.000000000e+09 2.151736599e-02 3.361761796e-03 4.641588834e+00 3.333564864e+04 2.724222503e+06
1.000000000e+09 1.736195893e-02 3.741091126e-03 1.668100537e+00 3.333564829e+04 8.863298101e+05
1.000000000e+09 1.821119010e-02 6.403328159e-03 5.994842503e-01 3.333564829e+04 8.863298101e+05
1.000000000e+09 2.067963496e-02 6.566164971e-03 2.154434690e-01 3.333564803e+04 3.052297870e+05
1.000000000e+09 2.718524883e-02 7.964278283e-03 7.742636827e-02 3.333564803e+04 3.052297870e+05
1.000000000e+09 4.286399774e-02 8.500240171e-03 2.782559402e-02 3.333564795e+04 2.230240821e+05
1.000000000e+09 nan nan 1.000000000e-02 3.333564795e+04 2.230240821e+05
2.154434690e+09 2.730289348e-02 1.677987562e-02 1.000000000e+02 3.333564804e+04 8.844615755e+04
2.154434690e+09 2.556808844e-02 1.618058627e-02 3.593813664e+01 3.333564804e+04 8.844615755e+04
2.154434690e+09 2.351644018e-02 1.455533158e-02 1.291549665e+01 3.333564805e+04 3.654506577e+04
2.154434690e+09 2.003790035e-02 7.162921442e-03 4.641588834e+00 3.333564805e+04 3.654506577e+04
2.154434690e+09 1.595176954e-02 4.086353164e-03 1.668100537e+00 3.333564801e+04 1.730282169e+04
2.154434690e+09 1.734867084e-02 5.862548338e-03 5.994842503e-01 3.333564801e+04 1.730282169e+04
2.154434690e+09 1.786082162e-02 6.230188657e-03 2.154434690e-01 3.333564806e+04 1.046103403e+04
2.154434690e+09 2.097867572e-02 6.391283224e-03 7.742636827e-02 3.333564806e+04 1.046103403e+04
2.154434690e+09 2.879937592e-02 7.318632710e-03 2.782559402e-02 3.333564808e+04 8.118653469e+03
2.154434690e+09 nan nan 1.000000000e-02 3.333564808e+04 8.118653469e+03
4.641588834e+09 2.253567955e-02 1.117334371e-02 1.000000000e+02 5.667854990e+04 5.648550531e+05
4.641588834e+09 2.185068507e-02 1.376679792e-02 3.593813664e+01 5.667854990e+04 5.648550531e+05
4.641588834e+09 2.165616037e-02 1.394875010e-02 1.291549665e+01 5.667854893e+04 8.937152232e+05
4.641588834e+09 1.928476694e-02 5.092937854e-03 4.641588834e+00 5.667854893e+04 8.937152232e+05
4.641588834e+09 1.690633402e-02 1.878694036e-03 1.668100537e+00 5.667854926e+04 2.931547095e+05
4.641588834e+09 1.678321030e-02 5.605413084e-03 5.994842503e-01 5.667854926e+04 2.931547095e+05
4.641588834e+09 1.658953298e-02 6.070040140e-03 2.154434690e-01 5.667854794e+04 5.283676403e+05
4.641588834e+09 1.758043830e-02 6.197865822e-03 7.742636827e-02 5.667854794e+04 5.283676403e+05
4.641588834e+09 2.128613233e-02 6.342384147e-03 2.782559402e-02 5.667854784e+04 3.205463290e+05
4.641588834e+09 3.137221836e-02 6.509625146e-03 1.000000000e-02 5.667854784e+04 3.205463290e+05
1.000000000e+10 2.183651333e-02 1.073289006e-02 1.000000000e+02 5.667854782e+04 1.312614327e+05
1.000000000e+10 2.194059236e-02 1.346938619e-02 3.593813664e+01 5.667854782e+04 1.312614327e+05
1.000000000e+10 2.124812632e-02 1.222887084e-02 1.291549665e+01 5.667854782e+04 5.579198651e+04
1.000000000e+10 1.971767486e-02 6.235706663e-03 4.641588834e+00 5.667854782e+04 5.579198651e+04
1.000000000e+10 1.670265209e-02 3.505381999e-03 1.668100537e+00 5.667854771e+04 2.765665153e+04
1.000000000e+10 1.675311643e-02 5.678583428e-03 5.994842503e-01 5.667854771e+04 2.765665153e+04
1.000000000e+10 1.599105393e-02 5.682455474e-03 2.154434690e-01 5.667854787e+04 1.738322992e+04
1.000000000e+10 1.608306606e-02 6.134409719e-03 7.742636827e-02 5.667854787e+04 1.738322992e+04
1.000000000e+10 1.763859747e-02 6.195522991e-03 2.782559402e-02 5.667854789e+04 1.375811866e+04
1.000000000e+10 2.244649234e-02 6.381116089e-03 1.000000000e-02 5.667854789e+04 1.375811866e+04
2.154434690e+10 2.089562534e-02 9.211922483e-03 1.000000000e+02 9.721818930e+04 1.978217109e+06
2.154434690e+10 2.166776786e-02 1.196588761e-02 3.593813664e+01 9.721818930e+04 1.978217109e+06
2.154434690e+10 2.041966977e-02 9.438965442e-03 1.291549665e+01 9.721818944e+04 1.560131265e+06
2.154434690e+10 2.014961653e-02 5.945078590e-03 4.641588834e+00 9.721818944e+04 1.560131265e+06
2.154434690e+10 1.736234121e-02 4.604673385e-03 1.668100537e+00 9.721818834e+04 1.847347416e+06
2.154434690e+10 1.673105170e-02 5.215866144e-03 5.994842503e-01 9.721818834e+04 1.847347416e+06
2.154434690e+10 1.583629853e-02 5.492843608e-03 2.154434690e-01 9.721818620e+04 6.511286779e+05
2.154434690e+10 1.543846954e-02 5.726259032e-03 7.742636827e-02 9.721818620e+04 6.511286779e+05
2.154434690e+10 1.608931098e-02 6.146972772e-03 2.782559402e-02 9.721818613e+04 4.273091386e+05
2.154434690e+10 1.834443493e-02 6.324812014e-03 1.000000000e-02 9.721818613e+04 4.273091386e+05
4.641588834e+10 2.117183039e-02 1.045686065e-02 1.000000000e+02 9.721818594e+04 1.959245637e+05
4.641588834e+10 2.132729567e-02 9.609749025e-03 3.593813664e+01 9.721818594e+04 1.959245637e+05
4.641588834e+10 2.006347578e-02 6.953020261e-03 1.291549665e+01 9.721818605e+04 8.647682051e+04
4.641588834e+10 2.003330239e-02 4.469452210e-03 4.641588834e+00 9.721818605e+04 8.647682051e+04
4.641588834e+10 1.815201370e-02 5.603317438e-03 1.668100537e+00 9.721818585e+04 4.514969495e+04
4.641588834e+10 1.693765340e-02 5.272051509e-03 5.994842503e-01 9.721818585e+04 4.514969495e+04
4.641588834e+10 1.587053013e-02 5.465589149e-03 2.154434690e-01 9.721818610e+04 2.991821904e+04
4.641588834e+10 1.515836185e-02 5.417006706e-03 7.742636827e-02 9.721818610e+04 2.991821904e+04
4.641588834e+10 1.515483278e-02 5.590407404e-03 2.782559402e-02 9.721818573e+04 2.437414420e+04
4.641588834e+10 1.616449770e-02 5.895965689e-03 1.000000000e-02 9.721818573e+04 2.437414420e+04
1.000000000e+11 2.111773918e-02 1.010568701e-02 1.000000000e+02 1.684999016e+05 1.352588049e+06
1.000000000e+11 2.075836482e-02 7.700956640e-03 3.593813664e+01 1.684999016e+05 1.352588049e+06
1.000000000e+11 1.974494226e-02 5.152381345e-03 1.291549665e+01 1.684998995e+05 3.621521320e+06
1.000000000e+11 1.986527760e-02 4.513621687e-03 4.641588834e+00 1.684998995e+05 3.621521320e+06
1.000000000e+11 1.847223953e-02 5.687693061e-03 1.668100537e+00 1.684998995e+05 1.824871307e+06
1.000000000e+11 1.707792885e-02 5.279546775e-03 5.994842503e-01 1.684998995e+05 1.824871307e+06
1.000000000e+11 1.587277346e-02 4.791680579e-03 2.154434690e-01 1.684998973e+05 7.930375523e+05
1.000000000e+11 1.497326634e-02 5.269433122e-03 7.742636827e-02 1.684998973e+05 7.930375523e+05
1.000000000e+11 1.465759793e-02 5.547036220e-03 2.782559402e-02 1.684998931e+05 6.039019182e+05
1.000000000e+11 1.500291767e-02 5.729436539e-03 1.000000000e-02 1.684998931e+05 6.039019182e+05
2.154434690e+11 2.084853917e-02 7.742343990e-03 1.000000000e+02 1.684998929e+05 2.959519061e+05
2.154434690e+11 2.064188991e-02 6.934610584e-03 3.593813664e+01 1.684998929e+05 2.959519061e+05
2.154434690e+11 1.998427153e-02 1.818943003e-03 1.291549665e+01 1.684998928e+05 1.362612805e+05
2.154434690e+11 1.993370633e-02 3.458822454e-03 4.641588834e+00 1.684998928e+05 1.362612805e+05
2.154434690e+11 1.894473336e-02 5.610130577e-03 1.668100537e+00 1.684998927e+05 7.495772247e+04
2.154434690e+11 1.768433949e-02 5.724132716e-03 5.994842503e-01 1.684998927e+05 7.495772247e+04
2.154434690e+11 1.628575121e-02 5.076938669e-03 2.154434690e-01 1.684998923e+05 5.281096415e+04
2.154434690e+11 1.527005755e-02 4.905425342e-03 7.742636827e-02 1.684998923e+05 5.281096415e+04
2.154434690e+11 1.464344537e-02 4.806227597e-03 2.782559402e-02 1.684998931e+05 4.454819125e+04
2.154434690e+11 1.457283297e-02 5.147091436e-03 1.000000000e-02 1.684998931e+05 4.454819125e+04
4.641588834e+11 2.049387369e-02 3.800077761e-03 1.000000000e+02 2.958056435e+05 1.157554059e+06
4.641588834e+11 2.036543799e-02 3.840266788e-03 3.593813664e+01 2.958056435e+05 1.157554059e+06
4.641588834e+11 2.012179745e-02 3.541956217e-03 1.291549665e+01 2.958056501e+05 4.682597279e+06
4.641588834e+11 2.035506311e-02 4.702679351e-03 4.641588834e+00 2.958056501e+05 4.682597279e+06
4.641588834e+11 1.946851548e-02 4.966560787e-03 1.668100537e+00 2.958056495e+05 1.319597208e+06
4.641588834e+11 1.833097966e-02 5.557659702e-03 5.994842503e-01 2.958056495e+05 1.319597208e+06
4.641588834e+11 1.696221711e-02 5.068766867e-03 2.154434690e-01 2.958056308e+05 1.426445396e+06
4.641588834e+11 1.582966766e-02 4.941042134e-03 7.742636827e-02 2.958056308e+05 1.426445396e+06
4.641588834e+11 1.503781127e-02 5.126428355e-03 2.782559402e-02 2.958056187e+05 8.688233664e+05
4.641588834e+11 1.471078657e-02 5.398994375e-03 1.000000000e-02 2.958056187e+05 8.688233664e+05
1.000000000e+12 2.066274703e-02 3.458239296e-03 1.000000000e+02 2.958056151e+05 4.478123771e+05
1.000000000e+12 2.061123724e-02 3.684459564e-03 3.593813664e+01 2.958056151e+05 4.478123771e+05
1.000000000e+12 2.064010341e-02 4.995252269e-03 1.291549665e+01 2.958056158e+05 2.194690816e+05
1.000000000e+12 2.101836045e-02 5.576662232e-03 4.641588834e+00 2.958056158e+05 2.194690816e+05
1.000000000e+12 2.008058085e-02 5.001852510e-03 1.668100537e+00 2.958056170e+05 1.279748180e+05
1.000000000e+12 1.886885275e-02 1.823235944e-03 5.994842503e-01 2.958056170e+05 1.279748180e+05
1.000000000e+12 1.761274673e-02 4.721908953e-03 2.154434690e-01 2.958056160e+05 9.381026925e+04
1.000000000e+12 1.650216261e-02 5.085773289e-03 7.742636827e-02 2.958056160e+05 9.381026925e+04
1.000000000e+12 1.565037807e-02 5.299110307e-03 2.782559402e-02 2.958056170e+05 8.156780884e+04
1.000000000e+12 1.516154411e-02 5.607937352e-03 1.000000000e-02 2.958056170e+05 8.156780884e+04
