# row redshifts = 12,11,10,9,8,7,6,5.5,5
# mhalos = [1.00000000e+10 1.54445210e+10 2.38533230e+10 3.68403150e+10
#  5.68981020e+10 8.78763934e+10 1.35720881e+11 2.09614400e+11
#  3.23739401e+11 5.00000000e+11],[1.00000000e+10 1.54445210e+10 2.38533230e+10 3.68403150e+10
#  5.68981020e+10 8.78763934e+10 1.35720881e+11 2.09614400e+11
#  3.23739401e+11 5.00000000e+11],[1.00000000e+10 1.57605860e+10 2.48396071e+10 3.91486764e+10
#  6.17006081e+10 9.72437741e+10 1.53261886e+11 2.41549714e+11
#  3.80696505e+11 6.00000000e+11],[1.00000000e+10 1.57605860e+10 2.48396071e+10 3.91486764e+10
#  6.17006081e+10 9.72437741e+10 1.53261886e+11 2.41549714e+11
#  3.80696505e+11 6.00000000e+11],[1.00000000e+10 1.57605860e+10 2.48396071e+10 3.91486764e+10
#  6.17006081e+10 9.72437741e+10 1.53261886e+11 2.41549714e+11
#  3.80696505e+11 6.00000000e+11],[1.00000000e+10 2.10167498e+10 4.41703772e+10 9.28317767e+10
#  1.95102222e+11 4.10041459e+11 8.61773876e+11 1.81116859e+12
#  3.80648772e+12 8.00000000e+12],[1.00000000e+10 2.10167498e+10 4.41703772e+10 9.28317767e+10
#  1.95102222e+11 4.10041459e+11 8.61773876e+11 1.81116859e+12
#  3.80648772e+12 8.00000000e+12],[1.00000000e+10 2.15443469e+10 4.64158883e+10 1.00000000e+11
#  2.15443469e+11 4.64158883e+11 1.00000000e+12 2.15443469e+12
#  4.64158883e+12 1.00000000e+13],[1.00000000e+10 2.15443469e+10 4.64158883e+10 1.00000000e+11
#  2.15443469e+11 4.64158883e+11 1.00000000e+12 2.15443469e+12
#  4.64158883e+12 1.00000000e+13]
1.734607445181773552e-02 2.569060528355767564e-02 3.816277880608760775e-02 5.410892881521145448e-02 6.797906153644026062e-02 7.880258357328367991e-02 8.747622988595958604e-02 9.420216920874582844e-02 9.906159536134609422e-02 1.017476148906232003e-01
1.653533540576941283e-02 2.443559386906483596e-02 3.622530040714225935e-02 5.284652828366511595e-02 6.912449371963805267e-02 8.153355228423800338e-02 9.143258558962724658e-02 9.903943562031494730e-02 1.047174475797483517e-01 1.083783990705557698e-01
1.568856713301329878e-02 2.355305723461139505e-02 3.557259378878936673e-02 5.316210638165225211e-02 7.254748990563114619e-02 8.702277785790729636e-02 9.811528346235677545e-02 1.065803798289328697e-01 1.127208472901413683e-01 1.165624849965133936e-01
1.478359610176432568e-02 2.225144145713608274e-02 3.334871128336976825e-02 5.015070853223107389e-02 7.204383353601530315e-02 8.968303726149512434e-02 1.025409709191108798e-01 1.124808488952154101e-01 1.195757838206756851e-01 1.246796529973987766e-01
1.380418429193040752e-02 2.095994751407924059e-02 3.110227702412137266e-02 4.698491838460366887e-02 6.928342565709741385e-02 9.157296573212521384e-02 1.068120813254921642e-01 1.186175550467823414e-01 1.270358193000391545e-01 1.331680247289614150e-01
1.268882235382112408e-02 2.509981667506621869e-02 4.829578362608689251e-02 8.905185676539344175e-02 1.186593819484599160e-01 1.364782677083107576e-01 1.466870163916159653e-01 1.439699517472544377e-01 1.290163092813406409e-01 1.108481035631216777e-01
1.150235274108716427e-02 2.334879577807098816e-02 4.405245171073879362e-02 8.373247276976718279e-02 1.234435123637112885e-01 1.454180911450849434e-01 1.577899240654925261e-01 1.598922241609518902e-01 1.447580539038055836e-01 1.248030424972861874e-01
1.086516554554118642e-02 2.288491855070207137e-02 4.374749097985354551e-02 8.501659418209502050e-02 1.293524934302229534e-01 1.528907947242764687e-01 1.657799778921317524e-01 1.664575002174784324e-01 1.485056258551751551e-01 1.263146981008542724e-01
1.022260511721206563e-02 2.185973440847988752e-02 4.156224658967210689e-02 8.129742740874675022e-02 1.314819244110211893e-01 1.578984799692162988e-01 1.722243024811379586e-01 1.762105544331902252e-01 1.583992801865682643e-01 1.350291103091985079e-01
