# row redshifts = 12,11,10,9,8,7,6,5.5,5
# mhalos = [1.00000000e+10 1.54445210e+10 2.38533230e+10 3.68403150e+10
#  5.68981020e+10 8.78763934e+10 1.35720881e+11 2.09614400e+11
#  3.23739401e+11 5.00000000e+11],[1.00000000e+10 1.54445210e+10 2.38533230e+10 3.68403150e+10
#  5.68981020e+10 8.78763934e+10 1.35720881e+11 2.09614400e+11
#  3.23739401e+11 5.00000000e+11],[1.00000000e+10 1.57605860e+10 2.48396071e+10 3.91486764e+10
#  6.17006081e+10 9.72437741e+10 1.53261886e+11 2.41549714e+11
#  3.80696505e+11 6.00000000e+11],[1.00000000e+10 1.57605860e+10 2.48396071e+10 3.91486764e+10
#  6.17006081e+10 9.72437741e+10 1.53261886e+11 2.41549714e+11
#  3.80696505e+11 6.00000000e+11],[1.00000000e+10 1.57605860e+10 2.48396071e+10 3.91486764e+10
#  6.17006081e+10 9.72437741e+10 1.53261886e+11 2.41549714e+11
#  3.80696505e+11 6.00000000e+11],[1.00000000e+10 2.10167498e+10 4.41703772e+10 9.28317767e+10
#  1.95102222e+11 4.10041459e+11 8.61773876e+11 1.81116859e+12
#  3.80648772e+12 8.00000000e+12],[1.00000000e+10 2.10167498e+10 4.41703772e+10 9.28317767e+10
#  1.95102222e+11 4.10041459e+11 8.61773876e+11 1.81116859e+12
#  3.80648772e+12 8.00000000e+12],[1.00000000e+10 2.15443469e+10 4.64158883e+10 1.00000000e+11
#  2.15443469e+11 4.64158883e+11 1.00000000e+12 2.15443469e+12
#  4.64158883e+12 1.00000000e+13],[1.00000000e+10 2.15443469e+10 4.64158883e+10 1.00000000e+11
#  2.15443469e+11 4.64158883e+11 1.00000000e+12 2.15443469e+12
#  4.64158883e+12 1.00000000e+13]
2.390192355850272871e-02 3.557040122807200028e-02 5.125931610075278033e-02 6.573225557814930953e-02 7.744721454092556856e-02 8.717039817207293539e-02 9.570194404871967819e-02 1.022774481812282754e-01 1.063377645652242576e-01 1.066541648103100787e-01
2.278405693377906840e-02 3.388394614519485426e-02 4.993944619160135823e-02 6.672421557482659249e-02 8.012735898981257487e-02 9.100665852579982451e-02 1.003447783008122735e-01 1.079970007686390648e-01 1.132579748812981152e-01 1.145325245803643088e-01
2.162451792322444416e-02 3.270903960052490983e-02 4.946401734883851264e-02 6.943398742281710334e-02 8.513441888937973989e-02 9.748407550870967497e-02 1.079762570826072465e-01 1.164612314898386264e-01 1.220489794007140888e-01 1.230978796152506216e-01
2.040552204133009098e-02 3.092729223444324119e-02 4.653821291566408169e-02 6.865822278237262988e-02 8.767719683312841239e-02 1.018145359595026833e-01 1.135712277494345251e-01 1.233617316116891877e-01 1.304100909636297378e-01 1.331591670091790691e-01
1.911192680914732683e-02 2.914155725889087251e-02 4.356043322333107842e-02 6.572049665992105161e-02 8.942565014544659463e-02 1.061684163527091412e-01 1.193401007927591545e-01 1.307905907497270426e-01 1.392427756203797606e-01 1.441925511628325274e-01
1.766021520129225711e-02 3.514095858976081649e-02 6.791361026378218979e-02 1.085250897150903809e-01 1.325852646554313008e-01 1.502402853418274009e-01 1.572251738650897457e-01 1.472545938135841892e-01 1.297401131000653351e-01 1.109890607196448997e-01
1.612187886915784213e-02 3.270404373969301726e-02 6.238175229374789965e-02 1.111898201128746211e-01 1.397168125203282762e-01 1.610600609377290660e-01 1.722037331559514439e-01 1.649602604008474915e-01 1.458461584704368319e-01 1.250107213738472223e-01
1.528918109307247572e-02 3.209076943999892434e-02 6.215327519887454966e-02 1.155743315201293725e-01 1.467287988220680739e-01 1.696609553319149144e-01 1.809314929264357330e-01 1.710635407487504089e-01 1.493725349227803256e-01 1.264569313412300944e-01
1.444538137622409894e-02 3.070467213664684544e-02 5.926201073733036728e-02 1.141740307741995197e-01 1.506488680768299504e-01 1.758960044361089770e-01 1.895292523867959378e-01 1.822197472069041757e-01 1.594534553062287585e-01 1.352137414472583121e-01
