# row redshifts = 11.0,9.25,8.0,7.0,6.0,5.0,0.05
# mhalos = [1.00000000e+10 5.62341325e+10 3.16227766e+11 1.77827941e+12
#  1.00000000e+13],[1.00000000e+10 5.62341325e+10 3.16227766e+11 1.77827941e+12
#  1.00000000e+13],[1.00000000e+10 5.62341325e+10 3.16227766e+11 1.77827941e+12
#  1.00000000e+13],[1.00000000e+10 5.62341325e+10 3.16227766e+11 1.77827941e+12
#  1.00000000e+13],[1.00000000e+10 5.62341325e+10 3.16227766e+11 1.77827941e+12
#  1.00000000e+13],[1.00000000e+10 5.62341325e+10 3.16227766e+11 1.77827941e+12
#  1.00000000e+13],[1.00000000e+10 5.62341325e+10 3.16227766e+11 1.77827941e+12
#  1.00000000e+13]
3.875321507781859243e-02 8.833666122217165295e-02 1.165299842613211762e-01 9.986139364970049448e-02 7.367982535039584169e-02
3.602063027492619779e-02 9.052008067821093462e-02 1.346402470229159931e-01 1.172723964207986330e-01 8.628674650324867634e-02
3.090634937950301198e-02 9.186871873548672907e-02 1.491524818358936910e-01 1.330411770011170336e-01 9.778726443726441786e-02
2.612896910608046575e-02 9.223538904660627535e-02 1.599814163695510438e-01 1.483675713732789669e-01 1.089862162269897433e-01
2.158116061210992032e-02 9.171272967019633571e-02 1.669977516812713725e-01 1.666276876217274439e-01 1.225749490763967109e-01
1.719867465515495519e-02 8.724369595783432185e-02 1.709853843453636446e-01 1.890463737775069653e-01 1.395536536803549943e-01
2.671818757445348479e-03 1.256175883525728967e-02 5.668363130557541735e-02 2.112652472558838590e-01 3.413518497797017326e-01
