# row redshifts = 11.0,9.25,8.0,7.0,6.0,5.0,0.05
# mhalos = [1.00000000e+10 5.62341325e+10 3.16227766e+11 1.77827941e+12
#  1.00000000e+13],[1.00000000e+10 5.62341325e+10 3.16227766e+11 1.77827941e+12
#  1.00000000e+13],[1.00000000e+10 5.62341325e+10 3.16227766e+11 1.77827941e+12
#  1.00000000e+13],[1.00000000e+10 5.62341325e+10 3.16227766e+11 1.77827941e+12
#  1.00000000e+13],[1.00000000e+10 5.62341325e+10 3.16227766e+11 1.77827941e+12
#  1.00000000e+13],[1.00000000e+10 5.62341325e+10 3.16227766e+11 1.77827941e+12
#  1.00000000e+13],[1.00000000e+10 5.62341325e+10 3.16227766e+11 1.77827941e+12
#  1.00000000e+13]
2.894148590479474550e-02 7.080850128205079530e-02 1.015960378694253791e-01 1.057569462450433789e-01 8.931801032316639966e-02
2.672735602880727326e-02 7.404141868854857700e-02 1.105460579456691295e-01 1.175474016301228525e-01 9.952846627770113586e-02
2.465128749056987728e-02 7.639921906316803069e-02 1.182118876040869765e-01 1.276297683031726027e-01 1.079923196841998528e-01
2.274456634638196556e-02 7.788257615098181930e-02 1.251305458266743775e-01 1.370877765554710803e-01 1.156210354106775029e-01
2.055389044480089578e-02 7.898300631967052066e-02 1.330111284678675010e-01 1.483617341693035940e-01 1.240590030645582209e-01
1.748886695263615274e-02 7.890580259646491623e-02 1.426286531153079795e-01 1.623778235828158278e-01 1.334013072459586391e-01
2.764883102430668212e-03 1.665550554436742020e-02 2.268782049738271300e-01 3.246330291295456694e-01 2.723075401960302622e-01
