##log(M∗/M⊙)            log(Mgas/M⊙) 
##50th pctl σ− σ+       50th pctl σ− σ+ 
6.59 0.21 0.15 7.76 0.06 0.06
7.93 0.17 0.12 9.15 0.06 0.06
7.81 0.16 0.12 8.72 0.30 0.22
7.40 0.19 0.14 8.34 0.08 0.07
8.12 0.17 0.12 8.51 0.06 0.06
7.06 0.18 0.13 7.66 0.05 0.04
7.92 0.17 0.13 8.68 0.07 0.07
6.85 0.21 0.15 7.78 0.05 0.05
6.86 0.21 0.15 7.65 0.06 0.05
7.43 0.19 0.13 7.81 0.05 0.05
5.42 0.23 0.16 6.32 0.06 0.06
8.93 0.13 0.10 9.51 0.05 0.04
8.14 0.16 0.12 8.68 0.06 0.06
8.14 0.11 0.09 8.88 0.05 0.04
8.48 0.14 0.11 9.00 0.05 0.04
8.21 0.15 0.12 8.38 0.05 0.05
7.46 0.16 0.12 8.11 0.06 0.06
8.19 0.14 0.11 8.54 0.06 0.06
7.93 0.15 0.11 8.03 0.06 0.06
8.14 0.12 0.10 7.74 0.06 0.06
7.12 0.19 0.13 7.89 0.06 0.06
8.47 0.11 0.09 8.57 0.06 0.06
8.86 0.15 0.12 8.87 0.06 0.06
8.22 0.12 0.09 8.05 0.06 0.06
7.55 0.19 0.14 8.38 0.06 0.06
10.72 0.05 0.03 9.87 0.05 0.05
9.67 0.13 0.10 9.87 0.05 0.05
9.61 0.09 0.07 9.09 0.14 0.13
8.00 0.16 0.13 8.98 0.09 0.08
9.75 0.09 0.08 9.57 0.06 0.05
9.61 0.07 0.06 9.77 0.05 0.05
11.24 0.02 0.03 10.22 0.06 0.05
10.22 0.07 0.06 10.26 0.06 0.06
10.57 0.04 0.03 9.71 0.05 0.04
10.04 0.08 0.06 10.27 0.07 0.07
11.23 0.06 0.05 10.07 0.14 0.12
7.49 0.16 0.12 7.93 0.06 0.06
10.83 0.05 0.04 10.11 0.04 0.04
10.47 0.06 0.05 10.35 0.05 0.05
9.93 0.09 0.07 9.91 0.06 0.05
10.63 0.05 0.04 9.95 0.07 0.07
10.97 0.06 0.05 9.98 0.06 0.05
10.13 0.04 0.03 9.12 0.07 0.06
11.00 0.04 0.04 9.68 0.08 0.08
10.75 0.03 0.03 10.10 0.05 0.04
9.55 0.09 0.07 9.21 0.05 0.05
8.37 0.16 0.11 8.56 0.06 0.06
6.67 0.20 0.15 7.30 0.10 0.09
6.58 0.20 0.14 7.93 0.06 0.05
